# oST version 5.0 parameters


[image]

width
960

height
720

[narrow_stereo]

camera matrix
843.074971 0.000000 478.388183
0.000000 844.236343 333.350289
0.000000 0.000000 1.000000

distortion
0.096351 -0.094708 -0.001249 -0.000937 0.000000

rectification
1.000000 0.000000 0.000000
0.000000 1.000000 0.000000
0.000000 0.000000 1.000000

projection
863.411682 0.000000 477.059562 0.000000
0.000000 864.280518 332.073349 0.000000
0.000000 0.000000 1.000000 0.000000
